1.34833283286932 -0.847378237615157 0.29769111765236 -0.0229215515884191 -0.469586986569795 0.734229299272565 -0.319055094870977 1.31796630620171 -0.161529088436011 -0.605219250362308 0.199075360679011 0.0544082636630132 -0.824115652355376 -0.410989556357237 -0.161678126868839 0.954703810617708 1.22247251001014 -0.2004525110818 -0.693470679877364 -0.245556302878288
-0.105823542383941 0.277949763937983 1.03972985248049 -0.423664575789403 -0.617517911797775 0.289678182148348 -0.624236312618018 -0.8387390817002 -1.02736523462736 -1.24415262770051 0.135822202937854 0.633761917390273 -1.2016169870792 -2.00363761560418 -0.610628712773615 -0.494025109972151 0.292499619452738 -1.68675816945007 -0.932997648446251 -1.30885441980016
-1.27790568406423 -0.675332444117795 1.29686334150004 -1.09883406163893 0.944954358578904 0.556750070372953 0.912057061400339 -1.87259923770822 -1.09644105805391 -0.389500645968154 -0.670092047406357 -0.546202904043665 -1.70144574976081 0.295231751572886 0.355972444420807 -0.614753085320693 0.812696013797763 -0.0696362021720508 -1.79477541209805 -0.834892403119534
-0.102647618653684 -0.888302519233217 -1.59308832169027 -0.666209351105288 -0.787922710746437 -0.961522803007822 0.804701306486325 0.465600497530394 -0.297909956492676 -0.461892336512515 0.240699719745943 0.576320457817126 -2.43692774546066 -0.574754385398737 -0.284761933030881 -0.465464859062128 -0.89995623557176 1.41981229588645 -0.390198795219944 -0.418455229597801
-0.790689313887879 1.42011527383768 -0.362927266108625 0.330789510091011 0.409153242043453 0.742009759452614 0.62935532938081 -1.158216288675 -1.0075244238513 0.0529481300603765 0.62446359879237 -0.907203678148209 1.77403486605262 2.00108347887752 2.11581166417231 -1.12993255846979 1.02653011266426 -0.461436199561595 0.0381316275868195 -0.157226407246934
-1.4025575484944 -0.880748467531275 -1.19252011336195 -1.96217672378987 -0.535236725870288 -1.60641147486058 0.822396857586092 -1.29186968575778 -0.629630793370771 -2.49345365488403 -0.632137234142664 -0.515625661371992 0.345838619406372 -0.141942221354889 -0.428086111834099 -1.10936620367864 0.268014088908077 -0.404543061335674 -1.94067986201361 0.515506694432368
-1.50425914370076 0.850821396275624 -0.703654290202846 -1.00148863084377 -1.51460316669847 0.570298486524442 0.765202837957016 1.5584496967564 -0.282557486765472 -1.98149014062287 -0.339664666736564 -0.915915095663019 -0.586085870670318 -2.3623553571882 -0.310871891995615 -0.305024782926046 0.00414581230964901 0.788861858861055 -0.240080594628271 -0.093097131589921
-0.938253665642145 -0.731173546087477 -1.25138079784327 -1.05531436868138 -2.23007845908831 -0.633623534255234 -0.607912712728999 -0.556549472546481 0.417378971775672 -0.656716176411282 -0.850788087290665 -1.49721843600461 1.83005509819151 1.58469590250174 0.87994284356787 0.285582348664654 1.24984123675434 0.389128899756877 2.70932070607764 -0.0850266303216995
0.00132862645104437 -0.994389048222445 0.204981526412906 0.68867761869237 -0.516314017538293 -1.86137963465224 1.36870798286901 -0.469266361455002 2.36079442572298 1.81188300119793 -0.830951667521272 0.709168730922327 0.538417279529454 -1.36502068423578 -0.237988502563163 0.614474480916373 -1.1024495274743 0.151705053132132 0.596990401713146 0.233637308469109
-0.848427651611124 0.466570084791857 0.188123488359725 -0.113143692015238 -1.69383184386476 -0.730037903971665 -0.738419442466096 1.52742661046369 0.800059832275448 1.28160100086443 0.213583535991382 1.38978370947371 0.719462709281672 1.01370877778033 0.0767394579671811 -0.0437536144806077 -0.790922337185282 -0.408593860126977 -0.0125954886075609 0.413747157437168
0.501091451848416 1.22817378202024 0.447931279722043 0.297521828342776 0.180143794871278 -0.0587591966421018 0.124854080883166 -0.586495240419516 -0.717365035177251 -0.333202530920819 -0.463170812368134 0.131322946866543 1.99905935004528 -1.23464198726203 -1.22215532126082 -0.498687548245728 -0.594054204465549 -1.38948582444934 -1.91686665623267 1.20586932934775
0.532011258934572 -0.917106910201908 2.33336028506692 -0.406170185340279 0.69705862491451 0.921530353325234 -1.00508683699273 0.111497856414371 -0.322551729023794 0.0767720529668858 -0.870345730084107 0.225410201970608 -2.37428228930083 -0.0570662304991116 -0.57403570940943 -0.114659375839038 0.288617032897715 -0.558490011524068 -1.17557543151268 0.313518526378892
-0.966989856915337 0.594187661530228 1.02998168642714 1.02157093901864 0.0799744639653971 1.29527128664981 -1.18249664802586 0.934363589296453 -0.942321005914339 -0.336607045309378 -0.0674371597035656 -1.35219430466245 0.374071076119692 0.591439745091535 -0.563402187281718 1.32756493061431 -0.451621470746596 1.82523361603566 -0.998232672139081 -0.305558855164787
0.308172744229722 -0.276688672823116 -0.539290234610235 -1.09559981479421 -1.34917563677263 -1.02452224638265 -0.712433202048235 0.452117949099932 1.23102033658567 0.527011365531522 0.0224206989125877 1.50158570184808 0.719219366828494 -0.103421329961842 1.45605223588749 0.689478297313876 0.242573715340437 -0.394975873374955 0.355391783501573 -0.848024291720276
-0.419842773685117 1.34115363372945 1.2235617450099 -0.462042997708411 -0.586308576077661 1.00415290225182 -1.07251231725931 0.0822188698495628 -0.475618256533168 0.406735177901274 0.137545665378092 -0.0588341174572145 0.852692466166182 1.07977603560094 0.754216850358033 1.30882993663428 0.188128843518651 -0.00957169614847539 -0.0431937863985831 0.14906158104514
0.959534670221867 0.725581298311751 -0.57317744027425 0.138054406660949 1.42849574133827 -0.685538574793287 1.10724524112906 -0.178702814956773 -1.08424568131889 1.22875934091195 -0.181382596096334 0.284242865950108 -1.32910422668569 -0.280405269029386 0.669450125639569 -0.886709716044569 -0.197596003065531 1.14084391126103 -0.601460624322808 0.302555776026114
-0.253210531542577 -0.360037634768031 0.605493991435008 0.443913119664277 0.358587392930363 1.22721318452984 -0.780163637441201 -0.0164802168472848 0.645679669506147 -0.571846235162163 -0.34730451209823 -0.60090479251893 1.09299621483968 -0.852069165489356 1.48209408468455 -0.818014738430624 0.754222896934972 -0.159889955484055 -1.54901633719084 0.339251179154945
0.455305452287747 -0.528307827176912 -0.281229380843325 -0.386814529415086 -0.150035102730903 -0.800410161917948 1.84240066808669 -0.656988590948061 0.808353611286485 -0.0401686293821151 0.816571740821186 -0.0380192209505847 1.0758941790903 -0.511728990363568 -0.197160045953972 1.14964653731027 0.445554124467256 0.29477077137798 0.309492736664448 0.632703938442516
-1.18447721603803 0.506268915079499 -0.861267738412995 -0.917157413013946 0.343164766170101 -0.149897858618215 -1.17428334287792 -0.327846004333182 0.919590245193188 0.261572843234048 0.858659723737019 0.272751145576377 -0.889672719379616 -0.779853057781402 0.296183654379006 1.58659287527465 2.1657031934807 -1.03517369254811 -0.436631434549089 -0.529488870291813
1.05039446865323 1.95488044274693 -1.28668889746513 2.88895831804915 1.89275504467367 2.13269913530347 0.51428754672462 0.390900658932352 -1.05572336175412 0.804870821341067 -0.357894649700015 1.25143716714271 -1.2824643778964 -0.870234513256605 -1.24920373027405 0.497173757241302 -0.454111860440273 0.325804075842666 -0.0335059619231545 0.118057418335452
0.0843711159915492 1.72064294821153 -0.521768763982307 0.934325491726344 1.15872786143172 1.22678426379868 0.0390337643329119 -0.606599798287609 1.64534547166859 -0.209897323720326 -0.426083066785934 -1.31495830850636 0.638586563696374 -0.103119343332247 0.581441986720915 0.0972182200943355 1.22674295086582 0.374976341332575 0.40869967519906 1.87737415329151
-0.629146262451101 -0.67386449567603 1.41485940938338 0.402440095584686 0.803891099615584 -0.946514045959305 -0.470731543223914 -0.893369967956168 1.21418202165316 0.631390898474604 -0.631692553977237 1.18942987812433 0.193941543092652 0.670720923679623 -0.479519443702969 0.57303746499985 -0.312450013445797 0.413112613979998 -0.499826471022056 1.51907258648348
-1.77041514994239 -1.78953938625361 -1.73521301889567 -0.292004833751747 -0.417941713601694 0.298874250786785 -0.936039519964577 -0.829735494040281 -0.0458319500686799 -0.795102863443475 -1.24779304999567 0.0245933794258194 -1.51308459272957 1.64932346331516 0.500749292935935 0.101116270876389 -1.522174365863 0.641497917544683 0.17566882095107 0.16914207370557
-1.25129826319079 -1.46499616989945 0.493126942546124 -0.802453953737007 -0.408173162077108 0.41578585517296 -0.684607768443141 -2.09404022625475 0.579266773416984 0.0991527650955033 -0.787348247000302 0.946727538604304 -0.961499841630508 1.25853956591304 1.91462627264541 0.644387153535595 0.48045207828046 -1.16431429262127 0.454789980746597 -0.350072598641855
0.141847160687225 -0.884448979058125 -0.623783784416044 -0.83269960640355 -1.09240704263596 0.22945953966877 0.46224846863533 -0.0362777365709123 -2.69715260309274 -0.725021504963681 0.930812255802396 0.608597410106515 -0.442713848252779 0.8575921724127 -0.0049225224976509 1.00863144949593 -1.11265406127585 1.45755983033253 0.124387904294144 -0.844006108022032
-0.511924256806687 -0.284165669692147 0.518087756291462 -0.54506615737323 1.27611967908329 2.09427300064516 0.445058036515145 -1.08699585367034 0.257377115890925 0.913927620279102 -1.09960774555075 -0.595667434074488 -0.623575329626958 1.60067584493163 1.35602454922484 0.012526292462041 0.47274054198028 0.71521337362327 -1.00784540528896 -1.79808616667285
1.65625555157126 0.301887973929657 1.45993936262505 0.97078146554889 1.41010614730544 1.44463598423724 -0.00392589697717323 -1.50025942020132 -0.476191922469853 -1.23814887997339 0.834162935565442 0.999003779526253 0.40218241063625 -1.35320555816411 0.513660579354175 -0.820773865712725 -0.505122688901644 -1.41094305525007 1.04932990857681 0.649891531008133
-0.722424458120105 -0.433436574396547 0.194674706270014 -0.364095859016692 0.934516954293037 -0.523720462821614 -0.454671552759386 -0.538365099861259 0.0672521159552733 -0.109142236261064 -0.505982153603605 -0.0265154521519343 2.36805953079175 -1.21530284149114 -0.198912828131467 0.774910279485325 -0.0568047908562943 0.454685378311026 -1.14091844021117 0.145582661121848
1.11838376399414 0.374284095640255 0.158516828225824 1.25325494030999 0.422824663522712 0.564310817611504 -0.403833836474264 0.709235729974033 0.397508850359806 0.782138735027822 -0.0320679166579729 -1.51520097907753 -0.964742042194963 0.453503057249878 0.414276854915805 0.624363303375902 0.139965475355592 -0.562711928708644 1.22670537213186 0.800302939717065
-1.77776414869255 -0.39494378749981 -1.23487540075063 -2.01477160604695 -1.13604912290786 0.0562517898046485 -0.466209660433647 0.169950337445085 0.895281134554054 0.271334566822706 1.98966758799567 0.278388798441021 -1.28006220717193 0.0610147232439905 0.588552279314476 0.494380808188151 -0.199033088548221 0.191389471974428 -0.79965384064267 -0.192090059134318
1.8496831617914 -0.653693906450645 -0.0283325535452153 0.0409815508801611 1.22708751585763 -0.442750461329252 1.07762010412803 0.541663480232598 0.675388837613046 0.421941218075153 -0.416909315354235 -1.13906444539612 -0.118937280728638 -1.83658985979671 -0.701873782475287 -0.290517339161951 -0.541478215813694 -0.251555528244034 -0.95933305488304 0.756402039404884
0.902341392782441 -0.42025694123577 -0.296728336250744 -0.431763383154098 1.14115522676237 1.13268341878558 0.86575976484213 0.599165175756839 -1.99697696412066 0.337430896847927 -1.27809882319492 0.783680308797905 0.362494017288055 0.467287244368956 1.04317842779905 -0.707055484050832 0.0226709405201372 -0.181580694167619 -1.10173354569642 -1.10872414353205
-0.500739948113189 -0.168428936692105 -0.156675277599936 0.45949738062153 0.748340357251308 0.2503809899821 -1.15493424389408 1.22351979603053 1.62042879371995 0.943517520532117 -0.391702152774926 -0.64645335697264 0.720053467493146 0.121572654473256 -0.787642537107932 0.545856893220783 1.1984930729736 -1.47650053593389 -1.38983034361893 -0.125960740900077
0.25360004650913 0.0232817957148411 -1.36422709957837 -0.21934218236193 -0.792949192328604 0.440853942310709 -2.93040753884143 1.11337695959706 0.65353171066009 -0.111119285563128 0.678462809508056 -0.492464672331389 -0.485495838336022 -1.18167520453134 -1.90913173516984 1.18161792483893 0.240606737499386 2.20936405601296 -0.127665147124648 0.337619813254316
1.12892816475364 0.849998163616712 0.765129651756925 1.4455631090656 0.582370360601147 0.970251878216429 -0.187764387673394 -0.508802143151061 0.0697492049186145 0.0310949390448468 -0.491606873937368 1.63010144015219 0.275737628123966 0.740084566989757 0.342006341282416 0.481306464458599 -0.266938765372598 2.15715193245851 -0.293163684200782 -1.65147974515262
0.666979832783465 -0.0590502108517721 1.21071848413512 -1.80671173401013 -0.285072838476246 0.190256012139693 -1.16657422861573 1.31811137276126 0.723119784420439 1.05191131562127 -1.07708529980154 -0.581291711512456 -0.940269724611086 0.51301394043314 -1.49055733928894 -0.961084145797746 -1.68996028137216 -1.37898826297066 -0.861518132422844 -1.66275865509813
-0.480694277645495 1.17876751209731 1.26662801842083 0.811392610044842 1.77652223908046 -0.297044317791253 -0.940689942489371 -0.26702338829805 -0.202891910508405 0.146600503289297 -0.793889290862661 1.4826337490089 -0.903031888960296 0.777820149737335 1.31234884388971 0.082535419433977 -0.038791253417058 -1.55936221579849 0.547706735423782 0.74146033086021
2.51154834397256 2.23096904691584 -0.647581945639315 1.07382012495741 0.83091201065758 1.17595913712372 -0.479598629412199 1.81922969889999 -0.851514751746539 1.9925717536773 -1.00113954409582 -0.0896971660794119 0.760083150517598 -1.6190137395032 0.38888936390846 -0.5625148094784 0.107646222600316 2.10946956953178 -0.744617471831076 -1.33895515496509
-0.925763633562849 -1.59826796894456 0.243408401604209 0.0715395641381052 -1.44191330330128 -0.188693685427066 0.518314400106501 -0.841696593711057 -0.429053365887356 -0.285265927436368 -1.22439732010297 -0.545045105622408 -0.912888997966121 -1.14557855984284 -0.72266991858913 -0.360456200128398 0.993056198652452 1.59539367137677 -0.551104514275766 1.54275193374423
1.63708191779404 0.596174270405671 0.253221279944599 1.9574868924234 -0.19822516374698 -0.165438269743333 -0.692191386644117 -0.122434951740771 1.07745924546521 -0.722823459340526 -0.168661264602401 -0.876114231728123 -1.2507743404118 0.464001760904407 -2.48603980675151 0.628271678920905 -1.91206980601142 -0.0218628683769654 1.30784535223941 -0.525879604312458
0.496919242541383 -0.0421062022507625 -0.186378195699689 -0.0199663223156769 -1.04497709351255 -2.35225581082116 -0.48926393387435 0.888040526538337 0.462653614144659 0.907327217621831 -1.19762174978444 -0.149068199680119 0.569890920797856 1.05950068015905 -0.577311362560188 0.0382628347888824 -0.767414255824256 -1.02400959572949 1.08237610827687 0.625253386858123
0.395756170438778 1.62102301047764 -0.137298382151792 0.268958008649421 -0.864070289596212 -1.1098835953489 -1.67875680719086 -2.7664946218647 0.52478840384256 0.797904038847417 0.991816105472343 -0.726256069297088 -0.266475816917878 -0.497715393351612 0.214823748164434 -0.772793909923807 0.255718347629506 -0.0755087153195857 -1.39726293924965 -1.05095818212499
1.26710946812612 -0.49152474361373 2.17107805651288 -0.79914741426849 0.637850764850595 -0.612766263098684 -0.423167233332257 1.57968595070026 -0.637610573348977 -0.315900047391679 0.296019244304876 -0.190461190519837 0.466969310821055 -1.10562588887811 -0.32889306856538 0.0822157459418601 -0.310660118112717 0.86080204133068 0.268268490149156 1.22104322026997
-0.100949287613074 0.967547905554501 1.00641075151927 0.318241671840869 1.16821428999701 1.97393699979379 -0.0145689671228628 0.382516265193202 0.42646730263892 -0.93199454098948 -1.19601078619119 -0.646668855439654 -0.139435559729905 2.20285483599652 -0.645560923298379 -0.902194156875508 -0.930896733619597 0.799565320330989 -0.905160795422088 0.888546292451861
0.763501260698301 1.04525618128975 0.968807980564279 -0.264621488366095 1.08588009777889 0.893258522937437 -1.18409875151017 -0.150750167472316 -0.936246338871246 -0.0542625689823574 0.740934101155312 -0.303011055943515 0.148607124774886 0.850120489479331 -0.648130915575406 -0.745888182357846 0.580352182734978 1.69591268961333 0.0980915141364538 1.32262286159627
0.0548709806163387 0.802234098017549 -0.393656210063727 -0.680170156706645 1.20210983098073 1.88392497291725 0.358625004146985 1.66391105102549 -1.7246246744934 1.15050385780101 0.477373244128837 -1.15113057067145 -0.412347791553668 1.7742934945563 -0.880468936670034 -1.77433090560793 1.88199300543175 -1.31149927699541 -0.301655028571638 0.924812045282319
-0.352582358341694 -1.87024622731081 0.231611806964523 -1.55535940115398 -1.99170575928498 0.912044136568518 -1.71907765585114 0.192660774637284 0.0790573100327158 0.358561332528618 -0.528561981840148 -0.910900103640386 1.12508252721489 -0.446101933698935 -0.746028982951143 0.00758036868498938 -0.233090447778662 0.0888810011930557 0.67532666848031 -0.171458175294315
0.221010940859705 -0.416237524846886 0.653782693951348 0.414259369991446 -1.62096187402964 -0.3707408652177 2.55112977273344 -0.926611075700339 0.237841180371687 1.64020468985683 -0.66438585575986 -0.766494007787417 0.338697219676889 -1.13061614711502 -0.358451603961656 0.272484702089542 0.592976903935952 -0.809281037821255 -0.143055063868055 -2.41411450279938
-0.211419473976659 0.977856317810936 -0.82533583587614 -0.358191761533842 0.14239244076143 -0.58574547800144 0.206104827450601 -0.0949384136525585 -2.18027292426771 -0.447304548371966 1.00962324327209 0.426231922121259 0.84974643632814 1.17902188293819 2.20309015106406 -1.83054538521901 0.868275295947837 -2.66787146575848 -0.307343424435969 -0.807615718156028
0.157211292141255 0.157903659632772 0.287308627900214 0.214912218075443 1.00421174359284 0.198431439147029 -0.091035620918144 -0.903171122287327 -1.40638634746084 0.528616598390031 0.346328548231285 0.860504577849211 -2.51659247906793 -0.951547214615583 -0.427389464438269 -0.0046172942678088 2.03778183634257 -0.393888185726613 0.339151816924599 1.85426894067506
0.595072166671286 -0.48548731230838 -0.793927686930924 -1.39765795114312 -0.645031434381876 -0.334805854447589 0.183207290666875 -0.056756010013175 1.12872051374025 -0.420699031068013 -0.567986379662791 -1.40857348621435 1.35962692766123 1.22352202886486 -0.977524976877111 -0.619679222026784 -0.237047852420545 -1.05138047365126 -0.199116502970178 0.00111413523474093
0.828093920768802 0.334129839694137 0.682185272101468 -0.165108987344006 -0.136486057974078 -0.535086416878996 0.849741446055247 0.125793116105834 0.0912632948358935 -0.0214312195984633 -0.188625184099851 -1.32255240487463 1.98164334593114 -0.665719829918226 1.62903559887437 -0.575814245318006 1.40933281121461 0.294200049778723 1.26332808278806 0.39372336859487
-0.00382931841764404 -0.120426649682099 0.301057998820646 -0.0777237551490839 -1.75933970318508 1.63900726591501 0.781862039291451 1.35554135040309 1.47125291938144 -1.46113718134479 0.371044604774375 0.098897867029813 -0.183767853954067 0.695444077868867 -1.28877699028397 -1.05395511813899 -1.19621552019617 0.123879279112953 -0.354704372768867 -0.909550369776757
-0.929057654313766 -1.15484843754041 1.87609538109749 0.945987061954272 -0.566209957554281 -0.810587379496725 -0.481300464471638 1.33871311452305 0.338339130701531 1.72827024445955 0.260863393030092 -1.29461290779197 1.08473546109613 0.785890142420906 0.290810381169948 -1.01094965215828 -0.391426112028425 -0.00247447058439397 0.305728842060458 0.306716368103798
0.288294378075487 0.581868786198312 0.423524516252563 -1.13705149070024 0.334718314982115 0.0635012189780273 0.93543943377191 0.84206869061463 -1.02223017700674 -0.62673851341907 0.241328718268618 -1.05575718693864 0.826485460429 0.292525978923191 -1.0279703331934 -1.34837352564539 -1.38725760495974 -0.108853224907046 0.564412348590622 -1.11473376121104
0.60967573298874 -0.199859620311587 -2.5118732050223 -1.14206619017072 -0.881973068452582 0.737409042869299 0.24320763099905 0.288324369114878 1.19869036734935 0.0766826042959 -0.383398380218295 -1.01973137337621 1.57964357849378 -1.02351673758129 -0.269174860526997 -0.983480752180542 1.06476419443975 0.792599695509937 0.268703397262567 0.482524360657209
1.29489751897857 1.2795320820895 1.30193743968466 1.40082740555927 1.41925058336286 0.944924517172977 1.11977663524344 -0.907598043096089 0.431533764838808 -1.07398971678426 -1.95815106795495 -1.54636897336258 -1.38269878072212 -0.685741491992019 0.143406108500574 0.347538411994637 -1.47830509761671 0.154376102499771 -2.06580357561422 0.2801221188661
-1.42394371368963 -0.42861111405355 -0.353498790702945 1.34060419937057 -0.635368791302886 0.19128020245099 -0.443235528057152 0.288325437599944 0.615883436866638 0.443312021741266 -0.74418382016547 -0.264790370917894 0.908094138828025 0.582706443653355 -0.0026698156805422 -0.68401853206094 -0.0304309295758806 -0.576898773716923 -0.0105831188347697 -0.447113074758257
0.859476263202328 0.777159993870835 0.214745909739395 1.88327768260529 0.910226012520778 0.638860293957851 0.232409266867028 -0.328135718547036 1.14916107246768 1.24836828481894 1.27661846994009 -1.15927923737879 -0.456114680739361 0.187396770979125 1.21837513051836 -0.623637930479255 -2.14011310851486 0.693857331452624 -0.17881965297185 -1.22726062664727
-1.58276649769297 -2.35675579189272 -1.6436097556719 -1.74816635884481 -0.333391736255847 -0.806159400606891 0.211201425924675 0.450108737511278 -1.06930873671552 -0.200953631139608 -0.462071505046265 -0.226243719224572 1.56163437916539 -1.13886972750602 0.159667155380871 0.169481048929375 -0.561729197058301 0.778958595185293 -0.584360162809319 0.308139881565803
0.582568702148205 1.97608694852225 1.25736292050056 -0.355391905856439 -0.587937058908711 0.943896461790097 -0.00917778399554504 -0.410186389589439 0.255916685912896 -0.314334109712009 0.229092085869943 1.04211538403681 0.183057157658509 -0.763968684029505 0.163482064851049 1.50958128750625 -1.42080938299012 0.654354693971307 -0.672648728144005 -0.850469205300324
0.376977518420723 0.941329812114012 0.530290863027754 -0.332807641920866 -0.587834602713193 1.23219024384522 2.11750321179087 -0.0542324192335257 1.78361913682404 -1.31806335299043 -0.790968326590892 0.00204509235620553 -2.8363816404359 -0.477835809181509 1.37398919035283 -1.71301943929507 -0.541152699981608 -0.319118070575099 0.0788238545962488 0.88282491598854
-1.21905112341866 0.656196132376724 -0.622179355207224 -1.23915080219172 0.336265657244531 -0.0321215412779543 0.379767899266754 -1.18319642845551 -0.392595879999008 0.0979317371454878 0.682315588486623 1.39747876398622 -0.0182184809448842 0.854772953034172 0.24871111875928 -0.786747438939399 -0.503833696585304 0.634264580352869 0.273926387714189 0.672424599463578
-1.18123090453182 -1.51076866495903 -1.3398066524995 -1.0450241512099 -0.0363692426948303 -0.664350073593198 -0.0248349807212581 0.132085577768948 0.0080329780915905 -1.23701562877992 0.540816795557884 0.553605424330694 -0.673659910444976 0.693045487267369 0.610941915609153 -0.589111499367114 0.817753596808081 -0.00534809510642582 -0.0557053940378579 0.911386006276086
-0.497583858583328 0.374727740220593 -1.24360595538232 -0.77710354997332 0.245650996291555 -1.25282411569992 1.36666262127597 -1.07125313402984 -1.19546254585609 0.620380324202345 -1.56805547658133 -0.0357226150604981 0.513507667946892 -1.65931556547028 -2.37562636961275 1.2649239747226 -0.759802035318429 -1.3988205094608 0.672036070848149 -0.251280695625285
-1.22263267749734 -0.213906695472217 -1.01783695382015 -1.45178397790665 -0.344513825095389 0.331991900618149 0.671112219681872 0.0486800898563202 -0.188034504933201 0.563739016946426 1.61457706374222 -0.552893557714829 -2.26727712257363 2.30191946585463 -0.0842722465375799 -0.345413214322831 -0.495017804796304 -0.755009818757652 -0.823432774305852 -0.92030304302973
-1.42200904713447 -2.40500434137331 -0.314541794886491 -0.909071449651542 -0.576390871629701 -0.947652772150823 0.857178294920674 -0.197077321251374 1.66152567157516 -1.20840904863411 0.111871026573362 -0.918691467080717 1.43499862674046 -0.993750828251277 -0.436913335773689 0.287178875164124 -1.01138977123798 0.182100386103458 1.78947208892279 -1.50192239289785
-0.118107707761875 0.270249644409272 -1.17315410762182 -1.77905049991439 -1.12118434221405 -0.663530818573413 0.216984219849595 0.63628387479975 0.634322400839258 0.0972926225014594 0.0940288882044131 -0.898397768637621 -0.514358499522064 0.277657847984385 -0.900365915878676 0.395163684799977 -0.540409128806608 -1.28318262560088 1.04149534888415 -0.375973860659562
0.573575886506263 0.816452736635448 1.96581676221384 0.0872263743394379 0.499348540138743 0.0638478229086874 0.214242951305862 -0.755517358283097 0.0249583406441733 -0.296892287683396 0.55565323099677 0.269672469880838 -1.29735598029413 -1.32197037636283 -1.07122376700588 2.18214774047575 2.017931739974 0.846300849185222 0.107524355593283 0.619798341876836
-1.19061656996868 -0.754505987702815 -0.423181589155637 -0.684195819108752 -1.8292443635676 -0.77086100200153 -0.57093703463304 -1.22618713333681 0.231624078149225 -0.30924497838201 0.125642089602292 0.213994918067524 -0.21542498465442 -1.92993121823328 -0.49390232132837 -0.860899108645036 1.59540806465066 -0.590354248292225 0.682949114410017 2.3248838904618
0.421495501134996 -0.808223436250674 0.263496765547489 -0.73079904605948 -0.357206426943247 -0.69314709783909 -0.282095570834388 0.575379203943235 0.823254509661103 0.620531272713892 0.604989439135031 1.13629608574928 -0.421596587237751 1.31666717294543 -1.54750763765137 1.24974781487644 -0.390550741176166 0.588536412636396 -0.0434009740788476 0.933071227453966
-0.494891038014587 0.290589444860895 -1.15815694050768 0.835865637262158 0.403047390893416 1.03994124074934 -0.657123254716976 0.495220828766535 -1.54472527592934 0.0248459928591433 0.665142516398673 -1.33182802987755 -0.0187619999298513 -1.55352580958193 1.67213985893768 -1.25773311162941 -0.0581096745474422 0.0280773858482432 -1.65706920179372 1.98497580447311
0.672068994058666 0.980501073965884 0.0393674197556477 -0.198447028148571 -1.47251477675706 1.76915508956086 -1.36112051688871 0.355593250003122 -0.425015269182521 0.627668845574658 -1.95645561271759 0.805735834150617 -0.392911308818008 -1.40823468608754 -0.581402127999108 0.774014489154479 -0.269853847156789 -1.28449135635354 1.8954345934188 0.0101637109468833
0.70680697049988 0.591635579776516 0.181452522182132 -0.964479206319087 0.569201462883616 0.0369204269194749 -0.645766925175363 -0.157647270483442 -0.46447611668046 2.73807053256929 2.28453145537594 1.26015127587075 -1.25610947654511 0.986426872320436 -2.50282813832006 0.540619640455965 -1.19023788614776 0.430092541490594 1.06560595045116 -1.50804718410432
0.504755872242359 -0.451022002893193 0.479467241640106 -1.47194812428011 0.777964814151777 0.772665892097864 -1.15087380448972 0.51822644842334 -0.285837150011358 -0.518157949510461 -1.74945508632376 0.222841517612586 0.705095906021377 0.185583246858205 -0.537214168004217 -0.112895821470454 -1.47554671453293 -0.505567289929849 -1.76076700410283 -0.533837721598499
0.520871306599915 -0.331354554843198 0.43664762075869 0.819372546487263 0.714683545811246 2.153998952273 -1.399807095293 1.43378205821152 0.982960315652409 0.681792147385014 0.251839461058164 0.678329964407439 -0.733851217722868 -1.01219138216779 0.586101034652619 1.11843424229887 -1.99068965724794 0.248489652773704 -0.120430448215982 0.349613975547484
1.130368507511 0.445657230131803 0.862724486883405 2.10305492936587 -0.465667385549523 1.38482591771883 0.728470444534611 -1.09902445299618 -0.49719467853652 -0.70813605258492 -2.17244334113101 0.302669438622585 0.0544562522202995 -1.20185904749257 0.607161828215706 0.815790798911979 2.26492719614528 1.03545347293664 -1.12026164325495 0.559925936060615
-0.00859945839429918 0.826071773515536 -0.693699546836935 0.965186023730647 -2.04680798490665 -0.41176751564034 -1.07910931608363 -0.681071034815837 0.405230591137297 -0.47891814984344 0.262168979573277 0.814408874293832 0.941984632511963 0.185266192706013 0.0634528744412391 -0.332327263712734 0.28671565958349 -1.08680923734396 -2.68076516778931 0.539114062117571
-0.062015535604997 0.35914561247683 0.297345292954129 1.22605166790805 -0.593196557239893 -1.40249586719391 2.47316702834667 -0.705277394745759 0.178814413818102 1.24645098742271 -1.00986415723073 1.06555179782441 3.22493433123981 0.0173649668020984 1.44090146760789 -0.605878859451063 -1.30134728866615 -0.672941495424037 0.209676088938971 -0.388428219556796
0.683274237436847 0.738713079626059 -0.527056701274883 -0.264054930426553 -0.250227517377772 0.461143798471772 0.745372737056374 -0.0734556731291907 0.203969870766111 -0.0319234526668251 -0.174498925078388 1.04244862856144 0.447503017461045 -2.3247640113878 -0.340264948073843 -1.15038184019877 -1.02242947806251 -0.533100844514702 -0.0944922350426287 -2.01722364236753
0.395360643242273 1.08949987286513 -0.955776624532897 -0.963440645638092 -1.51409504717705 1.54801557166463 0.106388770622431 -0.436997455769775 -0.768476537555407 -0.434424618037333 -0.174170756843497 -0.336543439477773 -0.250555320877206 1.19606671628685 0.900035093195376 1.0502862806214 -0.28094993902581 -0.404815450299947 1.58320684744092 -0.680075530292421
1.73513148141527 2.29849998387446 1.33142517619688 1.8425694223214 0.864944441512016 1.2520314648481 -0.59015221115695 -0.607587896549978 0.576401904530681 0.736412754172759 -1.20130811307964 1.33693640471071 2.9120767819944 0.206192121904484 1.09263951209399 -0.317604461964953 0.653390900777649 -0.266298508958567 -2.02123452541433 1.47283820197213
-1.03500271241725 -1.21712297703129 -0.951627409789233 -0.0520438167856244 -0.414323925730905 0.693955334202635 0.332903101701209 0.834391419594871 0.45485521986142 -0.0534741049589143 0.31767075031223 0.964142746003632 1.08485171507543 0.0513044361416551 -0.308854583227007 0.102241300989422 -1.89910036529494 -0.844198499566968 0.307859757290328 -0.20406929428833
0.776965155777655 -0.164889809312755 0.0238598639268072 -1.08806572343078 0.854695771675625 0.0842789005266455 -0.493513723619621 0.126185202335092 -0.225572711204276 -0.0646495982125768 0.990492210225852 -0.062717033905822 0.544621056854585 1.21479837307003 1.2632193259694 -0.90850636186447 -1.16782428257189 0.596079303087582 0.287065521083131 -0.116826146726623
0.643403065701033 -1.13241049733756 0.844095824181004 1.39530146533759 -0.330679656686654 0.147531852760776 0.577062179305318 -1.17474281559746 -0.164182872555086 0.687692026633382 0.00516976854764105 0.0885868415452373 1.45954436744954 -0.623509937865279 0.759704408104192 0.189067006503638 -0.925412899727848 -1.2280334727074 -0.476883238790263 -1.12136916721168
-0.179182273246714 0.970116169957716 0.843635433155688 0.840164123615047 -1.15548801065787 0.520757587279058 -0.0830661342428463 -0.259336937894913 0.165138456502775 0.377544768566276 -0.77765184394943 -2.78904822087228 -0.853488706189875 1.64194870660995 2.14465783517401 -0.634740462496111 0.123940971547172 0.773450883862633 -1.68026391911556 0.354677040228695
-0.79919971242534 0.732364618131811 -0.0576092352695689 0.260586151066496 1.0202231493552 -0.798673337392862 -0.199799733194855 -0.412977550702491 0.711296661874426 1.77222005628008 -0.763416441793506 1.2244903528643 -0.218095902376607 0.300096709335433 2.5043921798396 -0.0410296778191643 0.633077150243794 1.47175295337077 -0.906489593628607 -0.121307838006227
-2.34174378869233 -0.916247032831309 -0.360681849388601 -1.546655013724 -0.241592467304578 -0.439399913082215 -0.16791051589891 -1.81848164124899 -0.0391190869835889 0.3251735351054 0.729399747999808 1.01728481080695 -1.13539997361161 0.472400867781885 -1.4563268794725 0.689488667196738 -0.437339272660318 0.425269557382232 -1.11346492272791 0.491821822138909
1.13708303377952 0.419436660174693 -0.791793673835519 0.521691437625013 1.66437899026915 1.46065705424247 1.31748121435253 0.598681379433203 -1.32840998814686 -0.98062555475616 0.79630056010961 -0.0289890095663937 0.895510733132989 1.50387173545371 -0.605159904049849 0.42719581123188 -0.378714660848594 -1.17794696108519 -0.385587130253414 0.161824970896442
-0.74107883160336 0.189196865462421 -0.341965839425658 0.460394538662537 1.67259767437432 1.76186699317183 1.17682982352914 -1.92505761601851 1.05279471538623 -0.74478769982401 -0.0613625388654086 0.914036602782677 0.446047249174665 -0.590751147500186 4.54429140199146 1.20192352372636 1.0035656303581 -1.22290023242277 0.91843111660098 -0.509629151752164
-1.76289246551594 1.11824973264684 -0.53957644753016 -0.270332261084436 0.00793581878635893 -1.71208899683165 -0.173867587760384 -0.382617125192187 -0.664286973122975 -0.181957669637962 0.117588272833684 1.26513342441056 -0.941620107088065 -0.156479756962977 0.719830656676192 0.0420746628990022 -1.15303009070651 0.0239468124365285 -0.0891215812350337 -1.41636386568822
0.982173396923805 0.965256667794141 0.512478094302588 1.27718439114507 0.896265235370391 2.10627373331746 3.19574254303879 -0.333359803989972 -0.239657346304202 -0.48989711634015 -2.18759255822379 -0.880830966242377 -2.10140847823655 -2.22798494141688 -1.52721145176101 -1.32016528515176 -0.86510609182412 0.0590269653629689 -0.629338965995361 0.0685656226585861
-0.488222154665672 0.507461775459347 0.757168265869426 -1.12108054404261 1.03372162532543 0.60365944612035 1.22170854269289 -0.0834599248074168 -0.222846919384129 -0.923009129875784 0.258227115799707 0.539555625199978 -0.0270257939599475 0.0475638365139122 1.05880873010453 1.60274938680506 -0.504598586358141 0.610299517016203 1.27607697124333 -0.472551500637426
2.47867099290703 1.2979468700084 0.863325935290022 -0.377895867557819 1.38353194751223 -0.789437163572609 -0.118622219352889 -0.392756382865434 0.0140232187340149 0.671836236074836 0.259457924923473 0.564763523158502 0.122638119189374 -1.02912541620453 0.991022981803457 -0.352626858085931 -1.54535052253963 -0.207886060869564 -1.23097505145177 -1.09218085389494
-1.3351833797738 -1.10697191695556 1.19903103944785 0.201488301100783 -0.0230158742600516 -0.200373636904108 0.572513142168324 -0.388215540861284 -0.460858225894167 -1.59661405798996 0.550608682304131 -0.461814848758917 -0.771796827230247 -0.109288311784164 -0.584717403861853 0.737309900389287 -0.697192602570983 -0.46867067508711 -1.19985572994767 1.67946523888871
2.77993486525264 1.79722879742307 0.193177935494089 1.14522664570333 -1.21889895309842 1.45773484446258 1.28807581210341 0.0230287500013042 1.83069236572804 -0.875833615852347 -0.331898322905747 -0.351620247335314 -0.634307707713667 -0.126671442925157 0.371834433459352 0.896947897542169 0.282946259425851 2.40439678540193 -1.67975901171747 2.34287661491447
0.038536994028458 -1.62211572484215 -0.435915360374131 1.10551637359021 -2.41682517511793 -0.206364300422172 0.793211315770374 0.0140645622828057 0.237830728154343 -0.0537520643616756 -2.29561028979076 0.123898517205581 0.633954789845465 -1.05310260428753 -1.29381482911496 -0.741287222951008 0.226158533687817 -0.417768138044644 0.819317081346269 -0.696900124383228
-0.0924459936665221 0.341206206835331 0.57889527467399 -0.319407234930371 -0.0842244130982144 0.766628704592922 1.40958406537481 0.68809550006362 -0.135069714397183 0.201610192777331 0.431004892011855 0.0387072866753414 -2.46509646304381 1.65744777083898 -0.874784432679068 0.603010609345072 -0.77769250471697 0.024341774858676 0.66778699705076 0.336558080766493
1.56567228010694 0.868768817283374 0.591545060075206 0.370951409346786 1.53597510506578 1.29921692245213 -1.31199634545548 -0.382375856282527 -1.08688880161467 0.0974026132136818 0.577617278453629 -0.276507483599732 -1.62076992870647 0.788862263214435 0.679585382082836 -0.730516182917012 2.34714814305822 0.0661364843649289 -0.00337898951401414 -1.08792748592898
-0.409207572040261 -1.85686096073425 -0.491739804756513 -1.4832983373625 -0.0328923052362263 0.357584785364157 1.37335617127025 0.625870985071701 -0.409292774921706 -0.708458038889702 0.303864359441326 0.529620296382972 -1.29460489893608 0.62964135752139 -2.22505678736458 0.787601145685919 -0.380226792083419 0.722832198916026 -1.37428870408026 1.90502186005316
